  0.00099900100   0.0089392929   0.0089413199     -3.6445460
   0.0019980020    0.017781732    0.017783831     -3.9280965
   0.0029970030    0.026526345    0.026528515     -4.0873793
   0.0039960040    0.035174105    0.035176344     -4.1961310
   0.0049950050    0.043725974    0.043728282     -4.2774308
   0.0059940060    0.052182905    0.052185281     -4.3415389
   0.0069930070    0.060545841    0.060548286     -4.3939136
   0.0079920080    0.068815719    0.068818230     -4.4378022
   0.0089910090    0.076993461    0.076996039     -4.4752908
   0.0099900100    0.085079985    0.085082628     -4.5077971
    0.010989011    0.093076197    0.093078904     -4.5363269
    0.011988012     0.10098299     0.10098577     -4.5616188
    0.012987013     0.10880127     0.10880410     -4.5842300
    0.013986014     0.11653189     0.11653479     -4.6045908
    0.014985015     0.12417574     0.12417870     -4.6230401
    0.015984016     0.13173368     0.13173670     -4.6398487
    0.016983017     0.13920657     0.13920965     -4.6552367
    0.017982018     0.14659524     0.14659838     -4.6693850
    0.018981019     0.15390053     0.15390373     -4.6824437
    0.019980020     0.16112328     0.16112654     -4.6945388
    0.020979021     0.16826430     0.16826762     -4.7057769
    0.021978022     0.17532441     0.17532778     -4.7162491
    0.022977023     0.18230441     0.18230784     -4.7260333
    0.023976024     0.18920510     0.18920858     -4.7351972
    0.024975025     0.19602726     0.19603080     -4.7437994
    0.025974026     0.20277168     0.20277527     -4.7518913
    0.026973027     0.20943913     0.20944277     -4.7595180
    0.027972028     0.21603037     0.21603406     -4.7667192
    0.028971029     0.22254616     0.22254991     -4.7735302
    0.029970030     0.22898725     0.22899105     -4.7799825
    0.030969031     0.23535439     0.23535824     -4.7861041
    0.031968032     0.24164831     0.24165221     -4.7919200
    0.032967033     0.24786973     0.24787368     -4.7974530
    0.033966034     0.25401938     0.25402338     -4.8027233
    0.034965035     0.26009798     0.26010203     -4.8077494
    0.035964036     0.26610622     0.26611031     -4.8125480
    0.036963037     0.27204480     0.27204895     -4.8171343
    0.037962038     0.27791443     0.27791862     -4.8215222
    0.038961039     0.28371578     0.28372002     -4.8257243
    0.039960040     0.28944953     0.28945381     -4.8297521
    0.040959041     0.29511636     0.29512069     -4.8336164
    0.041958042     0.30071693     0.30072130     -4.8373269
    0.042957043     0.30625190     0.30625631     -4.8408925
    0.043956044     0.31172191     0.31172638     -4.8443216
    0.044955045     0.31712763     0.31713213     -4.8476219
    0.045954046     0.32246968     0.32247423     -4.8508003
    0.046953047     0.32774870     0.32775329     -4.8538636
    0.047952048     0.33296532     0.33296995     -4.8568178
    0.048951049     0.33812015     0.33812482     -4.8596685
    0.049950050     0.34321381     0.34321852     -4.8624212
    0.050949051     0.34824691     0.34825166     -4.8650806
    0.051948052     0.35322005     0.35322484     -4.8676514
    0.052947053     0.35813382     0.35813865     -4.8701380
    0.053946054     0.36298882     0.36299369     -4.8725442
    0.054945055     0.36778563     0.36779054     -4.8748740
    0.055944056     0.37252483     0.37252977     -4.8771308
    0.056943057     0.37720699     0.37721197     -4.8793179
    0.057942058     0.38183268     0.38183770     -4.8814385
    0.058941059     0.38640246     0.38640751     -4.8834955
    0.059940060     0.39091688     0.39092197     -4.8854916
    0.060939061     0.39537650     0.39538162     -4.8874295
    0.061938062     0.39978186     0.39978702     -4.8893116
    0.062937063     0.40413350     0.40413869     -4.8911403
    0.063936064     0.40843195     0.40843718     -4.8929177
    0.064935065     0.41267775     0.41268301     -4.8946459
    0.065934066     0.41687141     0.41687670     -4.8963269
    0.066933067     0.42101345     0.42101878     -4.8979624
    0.067932068     0.42510439     0.42510975     -4.8995544
    0.068931069     0.42914474     0.42915013     -4.9011044
    0.069930070     0.43313500     0.43314042     -4.9026141
    0.070929071     0.43707566     0.43708111     -4.9040849
    0.071928072     0.44096722     0.44097270     -4.9055183
    0.072927073     0.44481017     0.44481568     -4.9069156
    0.073926074     0.44860498     0.44861052     -4.9082781
    0.074925075     0.45235215     0.45235772     -4.9096072
    0.075924076     0.45605214     0.45605774     -4.9109039
    0.076923077     0.45970542     0.45971105     -4.9121693
    0.077922078     0.46331245     0.46331811     -4.9134046
    0.078921079     0.46687371     0.46687939     -4.9146108
    0.079920080     0.47038963     0.47039534     -4.9157888
    0.080919081     0.47386067     0.47386641     -4.9169396
    0.081918082     0.47728728     0.47729304     -4.9180640
    0.082917083     0.48066990     0.48067569     -4.9191630
    0.083916084     0.48400896     0.48401478     -4.9202373
    0.084915085     0.48730490     0.48731074     -4.9212877
    0.085914086     0.49055815     0.49056402     -4.9223151
    0.086913087     0.49376914     0.49377503     -4.9233199
    0.087912088     0.49693827     0.49694419     -4.9243031
    0.088911089     0.50006597     0.50007191     -4.9252652
    0.089910090     0.50315266     0.50315862     -4.9262069
    0.090909091     0.50619873     0.50620471     -4.9271288
    0.091908092     0.50920459     0.50921060     -4.9280315
    0.092907093     0.51217064     0.51217668     -4.9289154
    0.093906094     0.51509728     0.51510334     -4.9297813
    0.094905095     0.51798490     0.51799098     -4.9306295
    0.095904096     0.52083389     0.52083999     -4.9314607
    0.096903097     0.52364462     0.52365074     -4.9322752
    0.097902098     0.52641749     0.52642363     -4.9330736
    0.098901099     0.52915286     0.52915902     -4.9338562
    0.099900100     0.53185112     0.53185730     -4.9346236
     0.10089910     0.53451262     0.53451882     -4.9353761
     0.10189810     0.53713773     0.53714396     -4.9361141
     0.10289710     0.53972683     0.53973307     -4.9368380
     0.10389610     0.54228025     0.54228651     -4.9375482
     0.10489510     0.54479837     0.54480465     -4.9382451
     0.10589411     0.54728152     0.54728782     -4.9389290
     0.10689311     0.54973006     0.54973638     -4.9396002
     0.10789211     0.55214433     0.55215067     -4.9402591
     0.10889111     0.55452468     0.55453103     -4.9409059
     0.10989011     0.55687143     0.55687780     -4.9415410
     0.11088911     0.55918493     0.55919131     -4.9421646
     0.11188811     0.56146550     0.56147190     -4.9427771
     0.11288711     0.56371346     0.56371989     -4.9433788
     0.11388611     0.56592916     0.56593560     -4.9439698
     0.11488511     0.56811290     0.56811935     -4.9445504
     0.11588412     0.57026500     0.57027147     -4.9451209
     0.11688312     0.57238578     0.57239227     -4.9456816
     0.11788212     0.57447555     0.57448206     -4.9462326
     0.11888112     0.57653462     0.57654114     -4.9467742
     0.11988012     0.57856329     0.57856982     -4.9473066
     0.12087912     0.58056186     0.58056841     -4.9478301
     0.12187812     0.58253064     0.58253720     -4.9483447
     0.12287712     0.58446992     0.58447650     -4.9488508
     0.12387612     0.58637999     0.58638658     -4.9493485
     0.12487512     0.58826115     0.58826775     -4.9498380
     0.12587413     0.59011367     0.59012029     -4.9503195
     0.12687313     0.59193786     0.59194449     -4.9507931
     0.12787213     0.59373397     0.59374062     -4.9512591
     0.12887113     0.59550231     0.59550897     -4.9517176
     0.12987013     0.59724314     0.59724981     -4.9521687
     0.13086913     0.59895673     0.59896341     -4.9526127
     0.13186813     0.60064336     0.60065005     -4.9530496
     0.13286713     0.60230330     0.60231000     -4.9534797
     0.13386613     0.60393680     0.60394352     -4.9539030
     0.13486513     0.60554414     0.60555087     -4.9543197
     0.13586414     0.60712557     0.60713231     -4.9547300
     0.13686314     0.60868135     0.60868810     -4.9551340
     0.13786214     0.61021174     0.61021850     -4.9555317
     0.13886114     0.61171698     0.61172375     -4.9559234
     0.13986014     0.61319733     0.61320411     -4.9563092
     0.14085914     0.61465304     0.61465983     -4.9566891
     0.14185814     0.61608435     0.61609115     -4.9570634
     0.14285714     0.61749150     0.61749831     -4.9574320
     0.14385614     0.61887473     0.61888155     -4.9577952
     0.14485514     0.62023428     0.62024111     -4.9581529
     0.14585415     0.62157039     0.62157723     -4.9585055
     0.14685315     0.62288329     0.62289013     -4.9588528
     0.14785215     0.62417320     0.62418006     -4.9591951
     0.14885115     0.62544037     0.62544723     -4.9595324
     0.14985015     0.62668501     0.62669188     -4.9598648
     0.15084915     0.62790735     0.62791423     -4.9601924
     0.15184815     0.62910760     0.62911449     -4.9605154
     0.15284715     0.63028600     0.63029290     -4.9608337
     0.15384615     0.63144275     0.63144966     -4.9611475
     0.15484515     0.63257808     0.63258499     -4.9614569
     0.15584416     0.63369219     0.63369911     -4.9617619
     0.15684316     0.63478529     0.63479222     -4.9620627
     0.15784216     0.63585760     0.63586454     -4.9623592
     0.15884116     0.63690932     0.63691627     -4.9626516
     0.15984016     0.63794066     0.63794761     -4.9629400
     0.16083916     0.63895182     0.63895877     -4.9632244
     0.16183816     0.63994299     0.63994995     -4.9635049
     0.16283716     0.64091438     0.64092135     -4.9637816
     0.16383616     0.64186619     0.64187316     -4.9640545
     0.16483516     0.64279860     0.64280558     -4.9643237
     0.16583417     0.64371182     0.64371881     -4.9645892
     0.16683317     0.64460603     0.64461302     -4.9648512
     0.16783217     0.64548142     0.64548842     -4.9651097
     0.16883117     0.64633818     0.64634518     -4.9653647
     0.16983017     0.64717650     0.64718350     -4.9656163
     0.17082917     0.64799655     0.64800356     -4.9658646
     0.17182817     0.64879852     0.64880553     -4.9661096
     0.17282717     0.64958258     0.64958960     -4.9663514
     0.17382617     0.65034893     0.65035595     -4.9665900
     0.17482517     0.65109772     0.65110475     -4.9668255
     0.17582418     0.65182915     0.65183618     -4.9670579
     0.17682318     0.65254337     0.65255041     -4.9672873
     0.17782218     0.65324057     0.65324761     -4.9675138
     0.17882118     0.65392090     0.65392794     -4.9677373
     0.17982018     0.65458454     0.65459159     -4.9679580
     0.18081918     0.65523166     0.65523871     -4.9681758
     0.18181818     0.65586241     0.65586946     -4.9683909
     0.18281718     0.65647696     0.65648402     -4.9686032
     0.18381618     0.65707547     0.65708253     -4.9688129
     0.18481518     0.65765811     0.65766517     -4.9690199
     0.18581419     0.65822502     0.65823209     -4.9692243
     0.18681319     0.65877637     0.65878344     -4.9694261
     0.18781219     0.65931231     0.65931938     -4.9696254
     0.18881119     0.65983299     0.65984006     -4.9698222
     0.18981019     0.66033857     0.66034564     -4.9700166
     0.19080919     0.66082919     0.66083626     -4.9702086
     0.19180819     0.66130500     0.66131208     -4.9703982
     0.19280719     0.66176615     0.66177324     -4.9705855
     0.19380619     0.66221279     0.66221988     -4.9707704
     0.19480519     0.66264507     0.66265215     -4.9709531
     0.19580420     0.66306311     0.66307020     -4.9711336
     0.19680320     0.66346707     0.66347416     -4.9713119
     0.19780220     0.66385708     0.66386417     -4.9714880
     0.19880120     0.66423329     0.66424038     -4.9716620
     0.19980020     0.66459583     0.66460292     -4.9718339
     0.20079920     0.66494483     0.66495192     -4.9720038
     0.20179820     0.66528043     0.66528753     -4.9721716
     0.20279720     0.66560277     0.66560987     -4.9723373
     0.20379620     0.66591198     0.66591907     -4.9725012
     0.20479520     0.66620818     0.66621528     -4.9726630
     0.20579421     0.66649151     0.66649860     -4.9728230
     0.20679321     0.66676209     0.66676919     -4.9729810
     0.20779221     0.66702005     0.66702715     -4.9731372
     0.20879121     0.66726552     0.66727262     -4.9732916
     0.20979021     0.66749862     0.66750572     -4.9734441
     0.21078921     0.66771947     0.66772657     -4.9735949
     0.21178821     0.66792820     0.66793529     -4.9737439
     0.21278721     0.66812492     0.66813201     -4.9738912
     0.21378621     0.66830976     0.66831685     -4.9740367
     0.21478521     0.66848282     0.66848992     -4.9741806
     0.21578422     0.66864424     0.66865134     -4.9743228
     0.21678322     0.66879413     0.66880122     -4.9744634
     0.21778222     0.66893259     0.66893969     -4.9746023
     0.21878122     0.66905975     0.66906684     -4.9747397
     0.21978022     0.66917572     0.66918281     -4.9748755
     0.22077922     0.66928060     0.66928769     -4.9750097
     0.22177822     0.66937451     0.66938160     -4.9751424
     0.22277722     0.66945756     0.66946465     -4.9752736
     0.22377622     0.66952985     0.66953694     -4.9754034
     0.22477522     0.66959149     0.66959858     -4.9755316
     0.22577423     0.66964259     0.66964968     -4.9756584
     0.22677323     0.66968326     0.66969034     -4.9757838
     0.22777223     0.66971359     0.66972067     -4.9759078
     0.22877123     0.66973368     0.66974076     -4.9760304
     0.22977023     0.66974365     0.66975073     -4.9761516
     0.23076923     0.66974359     0.66975067     -4.9762714
     0.23176823     0.66973360     0.66974067     -4.9763900
     0.23276723     0.66971378     0.66972085     -4.9765072
     0.23376623     0.66968423     0.66969130     -4.9766231
     0.23476523     0.66964504     0.66965210     -4.9767377
     0.23576424     0.66959631     0.66960337     -4.9768511
     0.23676324     0.66953814     0.66954520     -4.9769632
     0.23776224     0.66947061     0.66947767     -4.9770741
     0.23876124     0.66939382     0.66940088     -4.9771837
     0.23976024     0.66930787     0.66931493     -4.9772922
     0.24075924     0.66921285     0.66921990     -4.9773995
     0.24175824     0.66910883     0.66911588     -4.9775056
     0.24275724     0.66899593     0.66900297     -4.9776106
     0.24375624     0.66887421     0.66888125     -4.9777144
     0.24475524     0.66874378     0.66875081     -4.9778171
     0.24575425     0.66860471     0.66861174     -4.9779186
     0.24675325     0.66845709     0.66846412     -4.9780191
     0.24775225     0.66830101     0.66830804     -4.9781185
     0.24875125     0.66813656     0.66814358     -4.9782169
     0.24975025     0.66796380     0.66797083     -4.9783141
     0.25074925     0.66778284     0.66778986     -4.9784104
     0.25174825     0.66759375     0.66760076     -4.9785056
     0.25274725     0.66739660     0.66740361     -4.9785998
     0.25374625     0.66719148     0.66719849     -4.9786930
     0.25474525     0.66697848     0.66698548     -4.9787852
     0.25574426     0.66675766     0.66676466     -4.9788764
     0.25674326     0.66652911     0.66653610     -4.9789666
     0.25774226     0.66629289     0.66629989     -4.9790559
     0.25874126     0.66604910     0.66605609     -4.9791443
     0.25974026     0.66579780     0.66580479     -4.9792317
     0.26073926     0.66553907     0.66554605     -4.9793182
     0.26173826     0.66527298     0.66527996     -4.9794038
     0.26273726     0.66499961     0.66500658     -4.9794885
     0.26373626     0.66471902     0.66472599     -4.9795723
     0.26473526     0.66443129     0.66443825     -4.9796552
     0.26573427     0.66413649     0.66414345     -4.9797373
     0.26673327     0.66383470     0.66384165     -4.9798185
     0.26773227     0.66352597     0.66353292     -4.9798988
     0.26873127     0.66321038     0.66321733     -4.9799784
     0.26973027     0.66288800     0.66289494     -4.9800571
     0.27072927     0.66255890     0.66256583     -4.9801350
     0.27172827     0.66222314     0.66223007     -4.9802120
     0.27272727     0.66188078     0.66188771     -4.9802883
     0.27372627     0.66153190     0.66153882     -4.9803638
     0.27472527     0.66117655     0.66118347     -4.9804385
     0.27572428     0.66081481     0.66082172     -4.9805125
     0.27672328     0.66044673     0.66045364     -4.9805857
     0.27772228     0.66007239     0.66007929     -4.9806581
     0.27872128     0.65969183     0.65969873     -4.9807298
     0.27972028     0.65930513     0.65931202     -4.9808008
     0.28071928     0.65891234     0.65891923     -4.9808711
     0.28171828     0.65851353     0.65852041     -4.9809406
     0.28271728     0.65810875     0.65811562     -4.9810094
     0.28371628     0.65769806     0.65770493     -4.9810775
     0.28471528     0.65728153     0.65728839     -4.9811450
     0.28571429     0.65685921     0.65686607     -4.9812117
     0.28671329     0.65643115     0.65643801     -4.9812778
     0.28771229     0.65599742     0.65600427     -4.9813432
     0.28871129     0.65555808     0.65556492     -4.9814080
     0.28971029     0.65511317     0.65512000     -4.9814721
     0.29070929     0.65466275     0.65466958     -4.9815355
     0.29170829     0.65420688     0.65421371     -4.9815983
     0.29270729     0.65374561     0.65375243     -4.9816605
     0.29370629     0.65327900     0.65328581     -4.9817221
     0.29470529     0.65280710     0.65281390     -4.9817830
     0.29570430     0.65232995     0.65233675     -4.9818434
     0.29670330     0.65184762     0.65185442     -4.9819031
     0.29770230     0.65136016     0.65136695     -4.9819622
     0.29870130     0.65086761     0.65087439     -4.9820208
     0.29970030     0.65037002     0.65037680     -4.9820787
     0.30069930     0.64986746     0.64987423     -4.9821361
     0.30169830     0.64935996     0.64936672     -4.9821930
     0.30269730     0.64884757     0.64885433     -4.9822492
     0.30369630     0.64833035     0.64833710     -4.9823049
     0.30469530     0.64780834     0.64781508     -4.9823601
     0.30569431     0.64728158     0.64728833     -4.9824147
     0.30669331     0.64675014     0.64675687     -4.9824687
     0.30769231     0.64621405     0.64622077     -4.9825223
     0.30869131     0.64567335     0.64568007     -4.9825753
     0.30969031     0.64512810     0.64513482     -4.9826278
     0.31068931     0.64457835     0.64458505     -4.9826797
     0.31168831     0.64402412     0.64403082     -4.9827312
     0.31268731     0.64346548     0.64347217     -4.9827822
     0.31368631     0.64290246     0.64290914     -4.9828326
     0.31468531     0.64233510     0.64234178     -4.9828826
     0.31568432     0.64176346     0.64177013     -4.9829321
     0.31668332     0.64118757     0.64119423     -4.9829811
     0.31768232     0.64060747     0.64061413     -4.9830296
     0.31868132     0.64002321     0.64002986     -4.9830777
     0.31968032     0.63943482     0.63944147     -4.9831252
     0.32067932     0.63884236     0.63884900     -4.9831724
     0.32167832     0.63824586     0.63825249     -4.9832190
     0.32267732     0.63764535     0.63765198     -4.9832652
     0.32367632     0.63704089     0.63704751     -4.9833110
     0.32467532     0.63643250     0.63643911     -4.9833563
     0.32567433     0.63582023     0.63582684     -4.9834012
     0.32667333     0.63520412     0.63521072     -4.9834457
     0.32767233     0.63458420     0.63459079     -4.9834897
     0.32867133     0.63396051     0.63396710     -4.9835333
     0.32967033     0.63333310     0.63333968     -4.9835765
     0.33066933     0.63270199     0.63270856     -4.9836192
     0.33166833     0.63206722     0.63207379     -4.9836616
     0.33266733     0.63142884     0.63143540     -4.9837035
     0.33366633     0.63078687     0.63079342     -4.9837451
     0.33466533     0.63014135     0.63014789     -4.9837862
     0.33566434     0.62949232     0.62949885     -4.9838270
     0.33666334     0.62883981     0.62884634     -4.9838674
     0.33766234     0.62818386     0.62819038     -4.9839073
     0.33866134     0.62752450     0.62753101     -4.9839469
     0.33966034     0.62686176     0.62686826     -4.9839862
     0.34065934     0.62619568     0.62620218     -4.9840250
     0.34165834     0.62552629     0.62553278     -4.9840635
     0.34265734     0.62485363     0.62486011     -4.9841016
     0.34365634     0.62417772     0.62418419     -4.9841394
     0.34465534     0.62349860     0.62350506     -4.9841768
     0.34565435     0.62281630     0.62282276     -4.9842138
     0.34665335     0.62213085     0.62213731     -4.9842505
     0.34765235     0.62144229     0.62144874     -4.9842868
     0.34865135     0.62075064     0.62075708     -4.9843228
     0.34965035     0.62005594     0.62006237     -4.9843585
     0.35064935     0.61935822     0.61936464     -4.9843938
     0.35164835     0.61865750     0.61866391     -4.9844288
     0.35264735     0.61795381     0.61796022     -4.9844635
     0.35364635     0.61724719     0.61725359     -4.9844978
     0.35464535     0.61653767     0.61654406     -4.9845318
     0.35564436     0.61582526     0.61583164     -4.9845655
     0.35664336     0.61511001     0.61511639     -4.9845989
     0.35764236     0.61439194     0.61439831     -4.9846320
     0.35864136     0.61367108     0.61367744     -4.9846647
     0.35964036     0.61294745     0.61295380     -4.9846972
     0.36063936     0.61222109     0.61222743     -4.9847293
     0.36163836     0.61149202     0.61149835     -4.9847612
     0.36263736     0.61076026     0.61076658     -4.9847927
     0.36363636     0.61002585     0.61003216     -4.9848240
     0.36463536     0.60928881     0.60929512     -4.9848549
     0.36563437     0.60854916     0.60855546     -4.9848856
     0.36663337     0.60780694     0.60781323     -4.9849160
     0.36763237     0.60706216     0.60706845     -4.9849461
     0.36863137     0.60631486     0.60632114     -4.9849759
     0.36963037     0.60556506     0.60557133     -4.9850055
     0.37062937     0.60481278     0.60481904     -4.9850348
     0.37162837     0.60405805     0.60406430     -4.9850638
     0.37262737     0.60330089     0.60330714     -4.9850925
     0.37362637     0.60254133     0.60254757     -4.9851210
     0.37462537     0.60177939     0.60178562     -4.9851492
     0.37562438     0.60101509     0.60102131     -4.9851771
     0.37662338     0.60024847     0.60025468     -4.9852048
     0.37762238     0.59947953     0.59948573     -4.9852322
     0.37862138     0.59870830     0.59871449     -4.9852594
     0.37962038     0.59793481     0.59794100     -4.9852863
     0.38061938     0.59715908     0.59716526     -4.9853130
     0.38161838     0.59638113     0.59638730     -4.9853395
     0.38261738     0.59560099     0.59560715     -4.9853656
     0.38361638     0.59481867     0.59482482     -4.9853916
     0.38461538     0.59403419     0.59404034     -4.9854173
     0.38561439     0.59324759     0.59325372     -4.9854428
     0.38661339     0.59245887     0.59246500     -4.9854680
     0.38761239     0.59166807     0.59167418     -4.9854930
     0.38861139     0.59087519     0.59088130     -4.9855178
     0.38961039     0.59008027     0.59008637     -4.9855424
     0.39060939     0.58928332     0.58928941     -4.9855667
     0.39160839     0.58848436     0.58849044     -4.9855908
     0.39260739     0.58768341     0.58768949     -4.9856147
     0.39360639     0.58688049     0.58688656     -4.9856384
     0.39460539     0.58607563     0.58608169     -4.9856618
     0.39560440     0.58526884     0.58527489     -4.9856851
     0.39660340     0.58446013     0.58446617     -4.9857081
     0.39760240     0.58364954     0.58365557     -4.9857309
     0.39860140     0.58283707     0.58284310     -4.9857535
     0.39960040     0.58202275     0.58202877     -4.9857759
     0.40059940     0.58120660     0.58121260     -4.9857981
     0.40159840     0.58038863     0.58039462     -4.9858201
     0.40259740     0.57956885     0.57957484     -4.9858419
     0.40359640     0.57874730     0.57875328     -4.9858635
     0.40459540     0.57792399     0.57792996     -4.9858850
     0.40559441     0.57709892     0.57710489     -4.9859062
     0.40659341     0.57627213     0.57627809     -4.9859272
     0.40759241     0.57544363     0.57544958     -4.9859480
     0.40859141     0.57461344     0.57461937     -4.9859687
     0.40959041     0.57378157     0.57378749     -4.9859891
     0.41058941     0.57294803     0.57295395     -4.9860094
     0.41158841     0.57211285     0.57211876     -4.9860295
     0.41258741     0.57127605     0.57128195     -4.9860494
     0.41358641     0.57043763     0.57044352     -4.9860691
     0.41458541     0.56959762     0.56960350     -4.9860887
     0.41558442     0.56875602     0.56876190     -4.9861080
     0.41658342     0.56791287     0.56791873     -4.9861272
     0.41758242     0.56706816     0.56707402     -4.9861463
     0.41858142     0.56622192     0.56622777     -4.9861651
     0.41958042     0.56537417     0.56538000     -4.9861838
     0.42057942     0.56452491     0.56453073     -4.9862023
     0.42157842     0.56367416     0.56367998     -4.9862207
     0.42257742     0.56282194     0.56282775     -4.9862389
     0.42357642     0.56196826     0.56197406     -4.9862569
     0.42457542     0.56111313     0.56111893     -4.9862748
     0.42557443     0.56025658     0.56026236     -4.9862925
     0.42657343     0.55939861     0.55940439     -4.9863100
     0.42757243     0.55853924     0.55854501     -4.9863274
     0.42857143     0.55767849     0.55768424     -4.9863446
     0.42957043     0.55681636     0.55682210     -4.9863617
     0.43056943     0.55595287     0.55595860     -4.9863786
     0.43156843     0.55508803     0.55509376     -4.9863954
     0.43256743     0.55422186     0.55422758     -4.9864121
     0.43356643     0.55335437     0.55336008     -4.9864285
     0.43456543     0.55248557     0.55249127     -4.9864449
     0.43556444     0.55161548     0.55162117     -4.9864611
     0.43656344     0.55074411     0.55074979     -4.9864771
     0.43756244     0.54987147     0.54987714     -4.9864930
     0.43856144     0.54899758     0.54900324     -4.9865088
     0.43956044     0.54812244     0.54812809     -4.9865244
     0.44055944     0.54724607     0.54725171     -4.9865398
     0.44155844     0.54636848     0.54637412     -4.9865552
     0.44255744     0.54548969     0.54549531     -4.9865704
     0.44355644     0.54460970     0.54461532     -4.9865855
     0.44455544     0.54372853     0.54373414     -4.9866004
     0.44555445     0.54284619     0.54285179     -4.9866152
     0.44655345     0.54196269     0.54196828     -4.9866299
     0.44755245     0.54107804     0.54108362     -4.9866444
     0.44855145     0.54019226     0.54019783     -4.9866588
     0.44955045     0.53930535     0.53931091     -4.9866731
     0.45054945     0.53841733     0.53842288     -4.9866873
     0.45154845     0.53752820     0.53753374     -4.9867013
     0.45254745     0.53663799     0.53664352     -4.9867153
     0.45354645     0.53574669     0.53575221     -4.9867290
     0.45454545     0.53485432     0.53485984     -4.9867427
     0.45554446     0.53396089     0.53396640     -4.9867563
     0.45654346     0.53306642     0.53307191     -4.9867697
     0.45754246     0.53217090     0.53217639     -4.9867830
     0.45854146     0.53127436     0.53127984     -4.9867962
     0.45954046     0.53037680     0.53038227     -4.9868093
     0.46053946     0.52947823     0.52948369     -4.9868222
     0.46153846     0.52857867     0.52858412     -4.9868351
     0.46253746     0.52767811     0.52768355     -4.9868478
     0.46353646     0.52677658     0.52678201     -4.9868604
     0.46453546     0.52587408     0.52587950     -4.9868730
     0.46553447     0.52497062     0.52497603     -4.9868854
     0.46653347     0.52406622     0.52407162     -4.9868977
     0.46753247     0.52316087     0.52316626     -4.9869098
     0.46853147     0.52225459     0.52225997     -4.9869219
     0.46953047     0.52134739     0.52135276     -4.9869339
     0.47052947     0.52043928     0.52044464     -4.9869458
     0.47152847     0.51953027     0.51953562     -4.9869575
     0.47252747     0.51862036     0.51862570     -4.9869692
     0.47352647     0.51770957     0.51771490     -4.9869808
     0.47452547     0.51679790     0.51680322     -4.9869922
     0.47552448     0.51588536     0.51589068     -4.9870036
     0.47652348     0.51497196     0.51497727     -4.9870149
     0.47752248     0.51405772     0.51406301     -4.9870260
     0.47852148     0.51314263     0.51314792     -4.9870371
     0.47952048     0.51222671     0.51223199     -4.9870481
     0.48051948     0.51130996     0.51131523     -4.9870589
     0.48151848     0.51039240     0.51039766     -4.9870697
     0.48251748     0.50947402     0.50947927     -4.9870804
     0.48351648     0.50855485     0.50856009     -4.9870910
     0.48451548     0.50763488     0.50764011     -4.9871015
     0.48551449     0.50671413     0.50671935     -4.9871119
     0.48651349     0.50579260     0.50579781     -4.9871222
     0.48751249     0.50487030     0.50487550     -4.9871324
     0.48851149     0.50394724     0.50395243     -4.9871426
     0.48951049     0.50302343     0.50302861     -4.9871526
     0.49050949     0.50209887     0.50210404     -4.9871626
     0.49150849     0.50117357     0.50117873     -4.9871725
     0.49250749     0.50024753     0.50025269     -4.9871823
     0.49350649     0.49932077     0.49932592     -4.9871920
     0.49450549     0.49839330     0.49839843     -4.9872016
     0.49550450     0.49746511     0.49747024     -4.9872112
     0.49650350     0.49653622     0.49654134     -4.9872206
     0.49750250     0.49560664     0.49561174     -4.9872300
     0.49850150     0.49467636     0.49468146     -4.9872393
     0.49950050     0.49374541     0.49375049     -4.9872485
     0.50049950     0.49281377     0.49281885     -4.9872576
     0.50149850     0.49188147     0.49188653     -4.9872667
     0.50249750     0.49094850     0.49095356     -4.9872757
     0.50349650     0.49001488     0.49001993     -4.9872846
     0.50449550     0.48908061     0.48908565     -4.9872934
     0.50549451     0.48814570     0.48815073     -4.9873022
     0.50649351     0.48721015     0.48721517     -4.9873108
     0.50749251     0.48627397     0.48627898     -4.9873194
     0.50849151     0.48533717     0.48534216     -4.9873280
     0.50949051     0.48439975     0.48440473     -4.9873364
     0.51048951     0.48346171     0.48346669     -4.9873448
     0.51148851     0.48252307     0.48252804     -4.9873531
     0.51248751     0.48158384     0.48158879     -4.9873613
     0.51348651     0.48064400     0.48064895     -4.9873695
     0.51448551     0.47970359     0.47970852     -4.9873776
     0.51548452     0.47876259     0.47876751     -4.9873856
     0.51648352     0.47782101     0.47782593     -4.9873936
     0.51748252     0.47687886     0.47688377     -4.9874015
     0.51848152     0.47593615     0.47594105     -4.9874093
     0.51948052     0.47499288     0.47499777     -4.9874170
     0.52047952     0.47404905     0.47405393     -4.9874247
     0.52147852     0.47310468     0.47310955     -4.9874323
     0.52247752     0.47215977     0.47216463     -4.9874399
     0.52347652     0.47121432     0.47121917     -4.9874474
     0.52447552     0.47026833     0.47027317     -4.9874548
     0.52547453     0.46932182     0.46932665     -4.9874622
     0.52647353     0.46837479     0.46837961     -4.9874695
     0.52747253     0.46742725     0.46743206     -4.9874767
     0.52847153     0.46647919     0.46648399     -4.9874839
     0.52947053     0.46553062     0.46553542     -4.9874910
     0.53046953     0.46458156     0.46458634     -4.9874981
     0.53146853     0.46363200     0.46363677     -4.9875051
     0.53246753     0.46268195     0.46268671     -4.9875120
     0.53346653     0.46173141     0.46173616     -4.9875189
     0.53446553     0.46078039     0.46078513     -4.9875257
     0.53546454     0.45982890     0.45983363     -4.9875325
     0.53646354     0.45887693     0.45888165     -4.9875392
     0.53746254     0.45792450     0.45792921     -4.9875458
     0.53846154     0.45697160     0.45697630     -4.9875524
     0.53946054     0.45601825     0.45602294     -4.9875589
     0.54045954     0.45506444     0.45506912     -4.9875654
     0.54145854     0.45411018     0.45411486     -4.9875718
     0.54245754     0.45315549     0.45316015     -4.9875782
     0.54345654     0.45220035     0.45220500     -4.9875845
     0.54445554     0.45124477     0.45124941     -4.9875908
     0.54545455     0.45028876     0.45029340     -4.9875970
     0.54645355     0.44933233     0.44933695     -4.9876031
     0.54745255     0.44837548     0.44838009     -4.9876093
     0.54845155     0.44741820     0.44742281     -4.9876153
     0.54945055     0.44646051     0.44646511     -4.9876213
     0.55044955     0.44550242     0.44550700     -4.9876273
     0.55144855     0.44454391     0.44454849     -4.9876332
     0.55244755     0.44358500     0.44358957     -4.9876390
     0.55344655     0.44262570     0.44263025     -4.9876448
     0.55444555     0.44166600     0.44167055     -4.9876506
     0.55544456     0.44070591     0.44071045     -4.9876563
     0.55644356     0.43974544     0.43974996     -4.9876619
     0.55744256     0.43878458     0.43878910     -4.9876675
     0.55844156     0.43782335     0.43782785     -4.9876731
     0.55944056     0.43686174     0.43686623     -4.9876786
     0.56043956     0.43589975     0.43590424     -4.9876841
     0.56143856     0.43493740     0.43494188     -4.9876895
     0.56243756     0.43397469     0.43397916     -4.9876949
     0.56343656     0.43301162     0.43301607     -4.9877002
     0.56443556     0.43204819     0.43205263     -4.9877055
     0.56543457     0.43108441     0.43108884     -4.9877107
     0.56643357     0.43012027     0.43012470     -4.9877159
     0.56743257     0.42915580     0.42916021     -4.9877211
     0.56843157     0.42819098     0.42819538     -4.9877262
     0.56943057     0.42722582     0.42723021     -4.9877312
     0.57042957     0.42626032     0.42626470     -4.9877363
     0.57142857     0.42529449     0.42529887     -4.9877412
     0.57242757     0.42432833     0.42433270     -4.9877462
     0.57342657     0.42336185     0.42336620     -4.9877511
     0.57442557     0.42239504     0.42239939     -4.9877559
     0.57542458     0.42142792     0.42143225     -4.9877607
     0.57642358     0.42046048     0.42046480     -4.9877655
     0.57742258     0.41949272     0.41949704     -4.9877703
     0.57842158     0.41852466     0.41852896     -4.9877750
     0.57942058     0.41755628     0.41756058     -4.9877796
     0.58041958     0.41658761     0.41659189     -4.9877842
     0.58141858     0.41561863     0.41562291     -4.9877888
     0.58241758     0.41464936     0.41465362     -4.9877934
     0.58341658     0.41367979     0.41368404     -4.9877979
     0.58441558     0.41270992     0.41271417     -4.9878023
     0.58541459     0.41173977     0.41174401     -4.9878067
     0.58641359     0.41076934     0.41077356     -4.9878111
     0.58741259     0.40979862     0.40980283     -4.9878155
     0.58841159     0.40882761     0.40883182     -4.9878198
     0.58941059     0.40785634     0.40786053     -4.9878241
     0.59040959     0.40688478     0.40688897     -4.9878283
     0.59140859     0.40591296     0.40591713     -4.9878326
     0.59240759     0.40494086     0.40494503     -4.9878367
     0.59340659     0.40396850     0.40397265     -4.9878409
     0.59440559     0.40299587     0.40300002     -4.9878450
     0.59540460     0.40202298     0.40202712     -4.9878491
     0.59640360     0.40104984     0.40105396     -4.9878531
     0.59740260     0.40007643     0.40008055     -4.9878571
     0.59840160     0.39910277     0.39910688     -4.9878611
     0.59940060     0.39812886     0.39813296     -4.9878650
     0.60039960     0.39715471     0.39715879     -4.9878689
     0.60139860     0.39618030     0.39618438     -4.9878728
     0.60239760     0.39520565     0.39520972     -4.9878766
     0.60339660     0.39423076     0.39423482     -4.9878805
     0.60439560     0.39325564     0.39325968     -4.9878842
     0.60539461     0.39228027     0.39228430     -4.9878880
     0.60639361     0.39130467     0.39130869     -4.9878917
     0.60739261     0.39032884     0.39033285     -4.9878954
     0.60839161     0.38935278     0.38935678     -4.9878990
     0.60939061     0.38837649     0.38838048     -4.9879027
     0.61038961     0.38739997     0.38740395     -4.9879063
     0.61138861     0.38642323     0.38642721     -4.9879098
     0.61238761     0.38544628     0.38545024     -4.9879134
     0.61338661     0.38446910     0.38447305     -4.9879169
     0.61438561     0.38349171     0.38349565     -4.9879203
     0.61538462     0.38251410     0.38251803     -4.9879238
     0.61638362     0.38153628     0.38154020     -4.9879272
     0.61738262     0.38055825     0.38056216     -4.9879306
     0.61838162     0.37958001     0.37958391     -4.9879340
     0.61938062     0.37860157     0.37860546     -4.9879373
     0.62037962     0.37762292     0.37762680     -4.9879406
     0.62137862     0.37664407     0.37664794     -4.9879439
     0.62237762     0.37566502     0.37566889     -4.9879472
     0.62337662     0.37468578     0.37468963     -4.9879504
     0.62437562     0.37370633     0.37371018     -4.9879536
     0.62537463     0.37272670     0.37273053     -4.9879568
     0.62637363     0.37174687     0.37175069     -4.9879599
     0.62737263     0.37076685     0.37077066     -4.9879630
     0.62837163     0.36978665     0.36979045     -4.9879661
     0.62937063     0.36880625     0.36881005     -4.9879692
     0.63036963     0.36782568     0.36782946     -4.9879723
     0.63136863     0.36684492     0.36684869     -4.9879753
     0.63236763     0.36586398     0.36586774     -4.9879783
     0.63336663     0.36488286     0.36488661     -4.9879812
     0.63436563     0.36390156     0.36390530     -4.9879842
     0.63536464     0.36292009     0.36292382     -4.9879871
     0.63636364     0.36193844     0.36194216     -4.9879900
     0.63736264     0.36095663     0.36096034     -4.9879929
     0.63836164     0.35997464     0.35997834     -4.9879958
     0.63936064     0.35899248     0.35899617     -4.9879986
     0.64035964     0.35801016     0.35801384     -4.9880014
     0.64135864     0.35702767     0.35703134     -4.9880042
     0.64235764     0.35604502     0.35604868     -4.9880069
     0.64335664     0.35506220     0.35506585     -4.9880097
     0.64435564     0.35407923     0.35408287     -4.9880124
     0.64535465     0.35309610     0.35309973     -4.9880151
     0.64635365     0.35211281     0.35211643     -4.9880178
     0.64735265     0.35112936     0.35113297     -4.9880204
     0.64835165     0.35014576     0.35014936     -4.9880230
     0.64935065     0.34916201     0.34916560     -4.9880257
     0.65034965     0.34817810     0.34818168     -4.9880282
     0.65134865     0.34719405     0.34719762     -4.9880308
     0.65234765     0.34620985     0.34621341     -4.9880333
     0.65334665     0.34522550     0.34522905     -4.9880359
     0.65434565     0.34424101     0.34424455     -4.9880384
     0.65534466     0.34325637     0.34325990     -4.9880409
     0.65634366     0.34227160     0.34227511     -4.9880433
     0.65734266     0.34128668     0.34129018     -4.9880458
     0.65834166     0.34030162     0.34030511     -4.9880482
     0.65934066     0.33931642     0.33931991     -4.9880506
     0.66033966     0.33833109     0.33833456     -4.9880530
     0.66133866     0.33734562     0.33734908     -4.9880553
     0.66233766     0.33636001     0.33636347     -4.9880577
     0.66333666     0.33537428     0.33537773     -4.9880600
     0.66433566     0.33438841     0.33439185     -4.9880623
     0.66533467     0.33340242     0.33340584     -4.9880646
     0.66633367     0.33241629     0.33241971     -4.9880669
     0.66733267     0.33143004     0.33143344     -4.9880691
     0.66833167     0.33044366     0.33044705     -4.9880714
     0.66933067     0.32945715     0.32946054     -4.9880736
     0.67032967     0.32847053     0.32847390     -4.9880758
     0.67132867     0.32748378     0.32748714     -4.9880780
     0.67232767     0.32649690     0.32650026     -4.9880801
     0.67332667     0.32550991     0.32551326     -4.9880823
     0.67432567     0.32452280     0.32452614     -4.9880844
     0.67532468     0.32353557     0.32353890     -4.9880865
     0.67632368     0.32254823     0.32255155     -4.9880886
     0.67732268     0.32156077     0.32156408     -4.9880907
     0.67832168     0.32057320     0.32057649     -4.9880927
     0.67932068     0.31958551     0.31958879     -4.9880948
     0.68031968     0.31859771     0.31860099     -4.9880968
     0.68131868     0.31760980     0.31761307     -4.9880988
     0.68231768     0.31662178     0.31662504     -4.9881008
     0.68331668     0.31563365     0.31563690     -4.9881028
     0.68431568     0.31464542     0.31464865     -4.9881048
     0.68531469     0.31365708     0.31366030     -4.9881067
     0.68631369     0.31266863     0.31267184     -4.9881086
     0.68731269     0.31168008     0.31168328     -4.9881106
     0.68831169     0.31069142     0.31069462     -4.9881125
     0.68931069     0.30970267     0.30970585     -4.9881143
     0.69030969     0.30871381     0.30871698     -4.9881162
     0.69130869     0.30772485     0.30772801     -4.9881181
     0.69230769     0.30673579     0.30673894     -4.9881199
     0.69330669     0.30574663     0.30574978     -4.9881217
     0.69430569     0.30475738     0.30476051     -4.9881236
     0.69530470     0.30376803     0.30377115     -4.9881253
     0.69630370     0.30277859     0.30278170     -4.9881271
     0.69730270     0.30178905     0.30179215     -4.9881289
     0.69830170     0.30079941     0.30080250     -4.9881307
     0.69930070     0.29980969     0.29981277     -4.9881324
     0.70029970     0.29881987     0.29882294     -4.9881341
     0.70129870     0.29782996     0.29783302     -4.9881358
     0.70229770     0.29683996     0.29684301     -4.9881375
     0.70329670     0.29584988     0.29585292     -4.9881392
     0.70429570     0.29485970     0.29486273     -4.9881409
     0.70529471     0.29386944     0.29387246     -4.9881426
     0.70629371     0.29287909     0.29288210     -4.9881442
     0.70729271     0.29188866     0.29189166     -4.9881458
     0.70829171     0.29089814     0.29090113     -4.9881474
     0.70929071     0.28990754     0.28991051     -4.9881491
     0.71028971     0.28891685     0.28891982     -4.9881507
     0.71128871     0.28792608     0.28792904     -4.9881522
     0.71228771     0.28693523     0.28693818     -4.9881538
     0.71328671     0.28594430     0.28594724     -4.9881554
     0.71428571     0.28495330     0.28495622     -4.9881569
     0.71528472     0.28396221     0.28396513     -4.9881584
     0.71628372     0.28297104     0.28297395     -4.9881600
     0.71728272     0.28197980     0.28198270     -4.9881615
     0.71828172     0.28098848     0.28099137     -4.9881630
     0.71928072     0.27999708     0.27999996     -4.9881644
     0.72027972     0.27900561     0.27900848     -4.9881659
     0.72127872     0.27801407     0.27801692     -4.9881674
     0.72227772     0.27702245     0.27702530     -4.9881688
     0.72327672     0.27603076     0.27603359     -4.9881703
     0.72427572     0.27503899     0.27504182     -4.9881717
     0.72527473     0.27404716     0.27404998     -4.9881731
     0.72627373     0.27305525     0.27305806     -4.9881745
     0.72727273     0.27206328     0.27206607     -4.9881759
     0.72827173     0.27107123     0.27107402     -4.9881773
     0.72927073     0.27007912     0.27008190     -4.9881787
     0.73026973     0.26908694     0.26908970     -4.9881800
     0.73126873     0.26809469     0.26809745     -4.9881814
     0.73226773     0.26710238     0.26710512     -4.9881827
     0.73326673     0.26611000     0.26611273     -4.9881840
     0.73426573     0.26511755     0.26512027     -4.9881853
     0.73526474     0.26412504     0.26412775     -4.9881867
     0.73626374     0.26313246     0.26313517     -4.9881880
     0.73726274     0.26213983     0.26214252     -4.9881892
     0.73826174     0.26114712     0.26114981     -4.9881905
     0.73926074     0.26015436     0.26015703     -4.9881918
     0.74025974     0.25916154     0.25916420     -4.9881930
     0.74125874     0.25816865     0.25817130     -4.9881943
     0.74225774     0.25717571     0.25717835     -4.9881955
     0.74325674     0.25618270     0.25618533     -4.9881968
     0.74425574     0.25518964     0.25519226     -4.9881980
     0.74525475     0.25419651     0.25419913     -4.9881992
     0.74625375     0.25320333     0.25320594     -4.9882004
     0.74725275     0.25221010     0.25221269     -4.9882016
     0.74825175     0.25121680     0.25121938     -4.9882028
     0.74925075     0.25022345     0.25022602     -4.9882039
     0.75024975     0.24923005     0.24923261     -4.9882051
     0.75124875     0.24823658     0.24823913     -4.9882062
     0.75224775     0.24724307     0.24724561     -4.9882074
     0.75324675     0.24624950     0.24625203     -4.9882085
     0.75424575     0.24525588     0.24525840     -4.9882097
     0.75524476     0.24426220     0.24426471     -4.9882108
     0.75624376     0.24326847     0.24327097     -4.9882119
     0.75724276     0.24227469     0.24227718     -4.9882130
     0.75824176     0.24128086     0.24128334     -4.9882141
     0.75924076     0.24028698     0.24028944     -4.9882152
     0.76023976     0.23929304     0.23929550     -4.9882162
     0.76123876     0.23829906     0.23830151     -4.9882173
     0.76223776     0.23730503     0.23730747     -4.9882184
     0.76323676     0.23631095     0.23631338     -4.9882194
     0.76423576     0.23531682     0.23531924     -4.9882204
     0.76523477     0.23432264     0.23432505     -4.9882215
     0.76623377     0.23332842     0.23333081     -4.9882225
     0.76723277     0.23233414     0.23233653     -4.9882235
     0.76823177     0.23133983     0.23134220     -4.9882245
     0.76923077     0.23034546     0.23034783     -4.9882255
     0.77022977     0.22935105     0.22935341     -4.9882265
     0.77122877     0.22835660     0.22835895     -4.9882275
     0.77222777     0.22736210     0.22736444     -4.9882285
     0.77322677     0.22636756     0.22636988     -4.9882295
     0.77422577     0.22537297     0.22537529     -4.9882304
     0.77522478     0.22437834     0.22438064     -4.9882314
     0.77622378     0.22338367     0.22338596     -4.9882323
     0.77722278     0.22238895     0.22239123     -4.9882333
     0.77822178     0.22139419     0.22139647     -4.9882342
     0.77922078     0.22039939     0.22040166     -4.9882352
     0.78021978     0.21940455     0.21940681     -4.9882361
     0.78121878     0.21840967     0.21841191     -4.9882370
     0.78221778     0.21741475     0.21741698     -4.9882379
     0.78321678     0.21641979     0.21642201     -4.9882388
     0.78421578     0.21542479     0.21542700     -4.9882397
     0.78521479     0.21442974     0.21443195     -4.9882406
     0.78621379     0.21343467     0.21343686     -4.9882415
     0.78721279     0.21243955     0.21244173     -4.9882423
     0.78821179     0.21144439     0.21144656     -4.9882432
     0.78921079     0.21044920     0.21045136     -4.9882441
     0.79020979     0.20945397     0.20945612     -4.9882449
     0.79120879     0.20845870     0.20846084     -4.9882458
     0.79220779     0.20746339     0.20746553     -4.9882466
     0.79320679     0.20646805     0.20647018     -4.9882474
     0.79420579     0.20547268     0.20547479     -4.9882483
     0.79520480     0.20447727     0.20447937     -4.9882491
     0.79620380     0.20348182     0.20348391     -4.9882499
     0.79720280     0.20248634     0.20248842     -4.9882507
     0.79820180     0.20149082     0.20149289     -4.9882515
     0.79920080     0.20049527     0.20049733     -4.9882523
     0.80019980     0.19949969     0.19950174     -4.9882531
     0.80119880     0.19850407     0.19850611     -4.9882539
     0.80219780     0.19750842     0.19751045     -4.9882546
     0.80319680     0.19651273     0.19651475     -4.9882554
     0.80419580     0.19551702     0.19551903     -4.9882562
     0.80519481     0.19452127     0.19452327     -4.9882569
     0.80619381     0.19352549     0.19352748     -4.9882577
     0.80719281     0.19252968     0.19253166     -4.9882585
     0.80819181     0.19153384     0.19153581     -4.9882592
     0.80919081     0.19053797     0.19053992     -4.9882599
     0.81018981     0.18954206     0.18954401     -4.9882607
     0.81118881     0.18854613     0.18854806     -4.9882614
     0.81218781     0.18755016     0.18755209     -4.9882621
     0.81318681     0.18655417     0.18655609     -4.9882628
     0.81418581     0.18555815     0.18556005     -4.9882635
     0.81518482     0.18456210     0.18456399     -4.9882642
     0.81618382     0.18356602     0.18356790     -4.9882649
     0.81718282     0.18256991     0.18257178     -4.9882656
     0.81818182     0.18157377     0.18157563     -4.9882663
     0.81918082     0.18057760     0.18057946     -4.9882670
     0.82017982     0.17958141     0.17958326     -4.9882677
     0.82117882     0.17858519     0.17858703     -4.9882684
     0.82217782     0.17758894     0.17759077     -4.9882690
     0.82317682     0.17659267     0.17659448     -4.9882697
     0.82417582     0.17559637     0.17559817     -4.9882704
     0.82517483     0.17460004     0.17460184     -4.9882710
     0.82617383     0.17360369     0.17360547     -4.9882717
     0.82717283     0.17260731     0.17260908     -4.9882723
     0.82817183     0.17161091     0.17161267     -4.9882729
     0.82917083     0.17061448     0.17061623     -4.9882736
     0.83016983     0.16961802     0.16961976     -4.9882742
     0.83116883     0.16862154     0.16862327     -4.9882748
     0.83216783     0.16762504     0.16762676     -4.9882754
     0.83316683     0.16662851     0.16663022     -4.9882761
     0.83416583     0.16563196     0.16563366     -4.9882767
     0.83516484     0.16463538     0.16463707     -4.9882773
     0.83616384     0.16363878     0.16364046     -4.9882779
     0.83716284     0.16264216     0.16264383     -4.9882785
     0.83816184     0.16164551     0.16164718     -4.9882791
     0.83916084     0.16064885     0.16065050     -4.9882797
     0.84015984     0.15965215     0.15965379     -4.9882802
     0.84115884     0.15865544     0.15865707     -4.9882808
     0.84215784     0.15765871     0.15766032     -4.9882814
     0.84315684     0.15666195     0.15666356     -4.9882820
     0.84415584     0.15566517     0.15566677     -4.9882825
     0.84515485     0.15466837     0.15466996     -4.9882831
     0.84615385     0.15367154     0.15367312     -4.9882837
     0.84715285     0.15267470     0.15267627     -4.9882842
     0.84815185     0.15167784     0.15167939     -4.9882848
     0.84915085     0.15068095     0.15068250     -4.9882853
     0.85014985     0.14968405     0.14968558     -4.9882859
     0.85114885     0.14868712     0.14868865     -4.9882864
     0.85214785     0.14769017     0.14769169     -4.9882869
     0.85314685     0.14669321     0.14669471     -4.9882875
     0.85414585     0.14569622     0.14569772     -4.9882880
     0.85514486     0.14469922     0.14470070     -4.9882885
     0.85614386     0.14370219     0.14370367     -4.9882890
     0.85714286     0.14270515     0.14270662     -4.9882895
     0.85814186     0.14170809     0.14170954     -4.9882901
     0.85914086     0.14071101     0.14071245     -4.9882906
     0.86013986     0.13971391     0.13971534     -4.9882911
     0.86113886     0.13871679     0.13871821     -4.9882916
     0.86213786     0.13771965     0.13772107     -4.9882921
     0.86313686     0.13672250     0.13672390     -4.9882926
     0.86413586     0.13572533     0.13572672     -4.9882930
     0.86513487     0.13472814     0.13472952     -4.9882935
     0.86613387     0.13373093     0.13373230     -4.9882940
     0.86713287     0.13273371     0.13273507     -4.9882945
     0.86813187     0.13173646     0.13173782     -4.9882950
     0.86913087     0.13073921     0.13074055     -4.9882954
     0.87012987     0.12974193     0.12974326     -4.9882959
     0.87112887     0.12874464     0.12874596     -4.9882964
     0.87212787     0.12774733     0.12774864     -4.9882968
     0.87312687     0.12675001     0.12675131     -4.9882973
     0.87412587     0.12575267     0.12575396     -4.9882977
     0.87512488     0.12475531     0.12475659     -4.9882982
     0.87612388     0.12375794     0.12375921     -4.9882986
     0.87712288     0.12276055     0.12276181     -4.9882991
     0.87812188     0.12176315     0.12176440     -4.9882995
     0.87912088     0.12076573     0.12076697     -4.9883000
     0.88011988     0.11976829     0.11976952     -4.9883004
     0.88111888     0.11877085     0.11877207     -4.9883008
     0.88211788     0.11777338     0.11777459     -4.9883013
     0.88311688     0.11677590     0.11677710     -4.9883017
     0.88411588     0.11577841     0.11577960     -4.9883021
     0.88511489     0.11478090     0.11478208     -4.9883025
     0.88611389     0.11378338     0.11378455     -4.9883029
     0.88711289     0.11278585     0.11278700     -4.9883034
     0.88811189     0.11178830     0.11178944     -4.9883038
     0.88911089     0.11079073     0.11079187     -4.9883042
     0.89010989     0.10979315     0.10979428     -4.9883046
     0.89110889     0.10879556     0.10879668     -4.9883050
     0.89210789     0.10779796     0.10779907     -4.9883054
     0.89310689     0.10680034     0.10680144     -4.9883058
     0.89410589     0.10580271     0.10580380     -4.9883062
     0.89510490     0.10480506     0.10480614     -4.9883066
     0.89610390     0.10380741     0.10380847     -4.9883070
     0.89710290     0.10280974     0.10281079     -4.9883073
     0.89810190     0.10181206     0.10181310     -4.9883077
     0.89910090     0.10081436     0.10081540     -4.9883081
     0.90009990    0.099816652    0.099817678     -4.9883085
     0.90109890    0.098818932    0.098819948     -4.9883088
     0.90209790    0.097821200    0.097822205     -4.9883092
     0.90309690    0.096823456    0.096824451     -4.9883096
     0.90409590    0.095825700    0.095826685     -4.9883100
     0.90509491    0.094827932    0.094828906     -4.9883103
     0.90609391    0.093830153    0.093831117     -4.9883107
     0.90709291    0.092832362    0.092833315     -4.9883110
     0.90809191    0.091834559    0.091835502     -4.9883114
     0.90909091    0.090836745    0.090837678     -4.9883117
     0.91008991    0.089838920    0.089839842     -4.9883121
     0.91108891    0.088841083    0.088841996     -4.9883124
     0.91208791    0.087843236    0.087844138     -4.9883128
     0.91308691    0.086845377    0.086846270     -4.9883131
     0.91408591    0.085847508    0.085848390     -4.9883135
     0.91508492    0.084849628    0.084850500     -4.9883138
     0.91608392    0.083851738    0.083852599     -4.9883141
     0.91708292    0.082853837    0.082854688     -4.9883145
     0.91808192    0.081855926    0.081856767     -4.9883148
     0.91908092    0.080858004    0.080858835     -4.9883151
     0.92007992    0.079860072    0.079860893     -4.9883155
     0.92107892    0.078862131    0.078862941     -4.9883158
     0.92207792    0.077864179    0.077864979     -4.9883161
     0.92307692    0.076866217    0.076867007     -4.9883164
     0.92407592    0.075868246    0.075869025     -4.9883167
     0.92507493    0.074870264    0.074871034     -4.9883171
     0.92607393    0.073872274    0.073873033     -4.9883174
     0.92707293    0.072874274    0.072875022     -4.9883177
     0.92807193    0.071876264    0.071877002     -4.9883180
     0.92907093    0.070878245    0.070878973     -4.9883183
     0.93006993    0.069880217    0.069880935     -4.9883186
     0.93106893    0.068882180    0.068882887     -4.9883189
     0.93206793    0.067884133    0.067884831     -4.9883192
     0.93306693    0.066886078    0.066886765     -4.9883195
     0.93406593    0.065888014    0.065888691     -4.9883198
     0.93506494    0.064889941    0.064890608     -4.9883201
     0.93606394    0.063891860    0.063892516     -4.9883204
     0.93706294    0.062893770    0.062894416     -4.9883207
     0.93806194    0.061895671    0.061896307     -4.9883210
     0.93906094    0.060897564    0.060898190     -4.9883212
     0.94005994    0.059899449    0.059900064     -4.9883215
     0.94105894    0.058901325    0.058901930     -4.9883218
     0.94205794    0.057903193    0.057903788     -4.9883221
     0.94305694    0.056905054    0.056905638     -4.9883224
     0.94405594    0.055906906    0.055907480     -4.9883226
     0.94505495    0.054908750    0.054909314     -4.9883229
     0.94605395    0.053910586    0.053911140     -4.9883232
     0.94705295    0.052912415    0.052912959     -4.9883235
     0.94805195    0.051914236    0.051914769     -4.9883237
     0.94905095    0.050916049    0.050916572     -4.9883240
     0.95004995    0.049917855    0.049918368     -4.9883243
     0.95104895    0.048919653    0.048920156     -4.9883245
     0.95204795    0.047921444    0.047921936     -4.9883248
     0.95304695    0.046923228    0.046923710     -4.9883250
     0.95404595    0.045925004    0.045925476     -4.9883253
     0.95504496    0.044926773    0.044927235     -4.9883256
     0.95604396    0.043928535    0.043928986     -4.9883258
     0.95704296    0.042930290    0.042930731     -4.9883261
     0.95804196    0.041932038    0.041932469     -4.9883263
     0.95904096    0.040933779    0.040934200     -4.9883266
     0.96003996    0.039935514    0.039935924     -4.9883268
     0.96103896    0.038937241    0.038937641     -4.9883271
     0.96203796    0.037938962    0.037939352     -4.9883273
     0.96303696    0.036940677    0.036941056     -4.9883275
     0.96403596    0.035942384    0.035942753     -4.9883278
     0.96503497    0.034944085    0.034944444     -4.9883280
     0.96603397    0.033945780    0.033946129     -4.9883283
     0.96703297    0.032947469    0.032947807     -4.9883285
     0.96803197    0.031949151    0.031949479     -4.9883287
     0.96903097    0.030950827    0.030951145     -4.9883290
     0.97002997    0.029952496    0.029952804     -4.9883292
     0.97102897    0.028954160    0.028954457     -4.9883294
     0.97202797    0.027955818    0.027956105     -4.9883296
     0.97302697    0.026957469    0.026957746     -4.9883299
     0.97402597    0.025959115    0.025959381     -4.9883301
     0.97502498    0.024960755    0.024961011     -4.9883303
     0.97602398    0.023962388    0.023962635     -4.9883305
     0.97702298    0.022964017    0.022964253     -4.9883308
     0.97802198    0.021965639    0.021965865     -4.9883310
     0.97902098    0.020967256    0.020967471     -4.9883312
     0.98001998    0.019968867    0.019969072     -4.9883314
     0.98101898    0.018970473    0.018970668     -4.9883316
     0.98201798    0.017972073    0.017972258     -4.9883318
     0.98301698    0.016973668    0.016973842     -4.9883320
     0.98401598    0.015975257    0.015975421     -4.9883323
     0.98501499    0.014976841    0.014976995     -4.9883325
     0.98601399    0.013978420    0.013978564     -4.9883327
     0.98701299    0.012979994    0.012980127     -4.9883329
     0.98801199    0.011981562    0.011981686     -4.9883331
     0.98901099    0.010983126    0.010983239     -4.9883333
     0.99000999   0.0099846841   0.0099847867     -4.9883335
     0.99100899   0.0089862375   0.0089863298     -4.9883337
     0.99200799   0.0079877858   0.0079878679     -4.9883339
     0.99300699   0.0069893293   0.0069894010     -4.9883341
     0.99400599   0.0059908678   0.0059909294     -4.9883343
     0.99500500   0.0049924016   0.0049924529     -4.9883345
     0.99600400   0.0039939306   0.0039939717     -4.9883347
     0.99700300   0.0029954549   0.0029954857     -4.9883348
     0.99800200   0.0019969746   0.0019969951     -4.9883350
