   0.0099009901    0.083468142    0.084365719     -1.9730944
    0.019801980     0.15889439     0.15984531     -2.2255559
    0.029702970     0.22627874     0.22727644     -2.3575581
    0.039603960     0.28637928     0.28741779     -2.4421026
    0.049504950     0.33988263     0.34095657     -2.5017194
    0.059405941     0.38741067     0.38851515     -2.5462484
    0.069306931     0.42952667     0.43065728     -2.5808201
    0.079207921     0.46674081     0.46789354     -2.6084217
    0.089108911     0.49951517     0.50068639     -2.6309300
    0.099009901     0.52826828     0.52945469     -2.6495919
     0.10891089     0.55337919     0.55457783     -2.6652730
     0.11881188     0.57519124     0.57639941     -2.6785945
     0.12871287     0.59401541     0.59523067     -2.6900154
     0.13861386     0.61013335     0.61135349     -2.6998829
     0.14851485     0.62380017     0.62502319     -2.7084647
     0.15841584     0.63524693     0.63647100     -2.7159708
     0.16831683     0.64468290     0.64590639     -2.7225686
     0.17821782     0.65229763     0.65351905     -2.7283930
     0.18811881     0.65826281     0.65948081     -2.7335543
     0.19801980     0.66273393     0.66394729     -2.7381434
     0.20792079     0.66585183     0.66705944     -2.7422358
     0.21782178     0.66774407     0.66894494     -2.7458950
     0.22772277     0.66852619     0.66971941     -2.7491746
     0.23762376     0.66830284     0.66948758     -2.7521204
     0.24752475     0.66716881     0.66834432     -2.7547713
     0.25742574     0.66520993     0.66637555     -2.7571610
     0.26732673     0.66250396     0.66365908     -2.7593188
     0.27722772     0.65912133     0.66026539     -2.7612698
     0.28712871     0.65512583     0.65625833     -2.7630362
     0.29702970     0.65057522     0.65169571     -2.7646373
     0.30693069     0.64552184     0.64662990     -2.7660903
     0.31683168     0.64001307     0.64110834     -2.7674101
     0.32673267     0.63409186     0.63517400     -2.7686101
     0.33663366     0.62779707     0.62886577     -2.7697021
     0.34653465     0.62116392     0.62221891     -2.7706965
     0.35643564     0.61422431     0.61526534     -2.7716028
     0.36633663     0.60700713     0.60803396     -2.7724293
     0.37623762     0.59953855     0.60055098     -2.7731835
     0.38613861     0.59184225     0.59284010     -2.7738722
     0.39603960     0.58393971     0.58492281     -2.7745014
     0.40594059     0.57585037     0.57681857     -2.7750766
     0.41584158     0.56759184     0.56854499     -2.7756026
     0.42574257     0.55918007     0.56011805     -2.7760839
     0.43564356     0.55062949     0.55155220     -2.7765244
     0.44554455     0.54195321     0.54286053     -2.7769279
     0.45544554     0.53316306     0.53405491     -2.7772975
     0.46534653     0.52426979     0.52514607     -2.7776363
     0.47524752     0.51528310     0.51614374     -2.7779469
     0.48514851     0.50621181     0.50705675     -2.7782318
     0.49504950     0.49706390     0.49789307     -2.7784932
     0.50495050     0.48784658     0.48865992     -2.7787331
     0.51485149     0.47856640     0.47936386     -2.7789534
     0.52475248     0.46922928     0.47001083     -2.7791557
     0.53465347     0.45984060     0.46060617     -2.7793415
     0.54455446     0.45040521     0.45115478     -2.7795124
     0.55445545     0.44092751     0.44166104     -2.7796694
     0.56435644     0.43141150     0.43212896     -2.7798138
     0.57425743     0.42186078     0.42256214     -2.7799467
     0.58415842     0.41227863     0.41296387     -2.7800689
     0.59405941     0.40266800     0.40333710     -2.7801814
     0.60396040     0.39303160     0.39368452     -2.7802850
     0.61386139     0.38337183     0.38400857     -2.7803804
     0.62376238     0.37369092     0.37431145     -2.7804683
     0.63366337     0.36399084     0.36459515     -2.7805493
     0.64356436     0.35427341     0.35486148     -2.7806240
     0.65346535     0.34454026     0.34511209     -2.7806929
     0.66336634     0.33479287     0.33534844     -2.7807564
     0.67326733     0.32503259     0.32557190     -2.7808150
     0.68316832     0.31526064     0.31578366     -2.7808691
     0.69306931     0.30547810     0.30598484     -2.7809191
     0.70297030     0.29568598     0.29617642     -2.7809652
     0.71287129     0.28588519     0.28635933     -2.7810079
     0.72277228     0.27607654     0.27653436     -2.7810473
     0.73267327     0.26626076     0.26670228     -2.7810837
     0.74257426     0.25643854     0.25686374     -2.7811174
     0.75247525     0.24661049     0.24701935     -2.7811486
     0.76237624     0.23677714     0.23716967     -2.7811774
     0.77227723     0.22693900     0.22731520     -2.7812041
     0.78217822     0.21709652     0.21745639     -2.7812289
     0.79207921     0.20725011     0.20759364     -2.7812518
     0.80198020     0.19740014     0.19772733     -2.7812731
     0.81188119     0.18754695     0.18785779     -2.7812928
     0.82178218     0.17769084     0.17798533     -2.7813111
     0.83168317     0.16783208     0.16811022     -2.7813280
     0.84158416     0.15797093     0.15823272     -2.7813438
     0.85148515     0.14810760     0.14835304     -2.7813584
     0.86138614     0.13824232     0.13847140     -2.7813720
     0.87128713     0.12837525     0.12858797     -2.7813846
     0.88118812     0.11850657     0.11870293     -2.7813964
     0.89108911     0.10863643     0.10881643     -2.7814073
     0.90099010    0.098764966    0.098928612     -2.7814175
     0.91089109    0.088892306    0.089039590     -2.7814270
     0.92079208    0.079018561    0.079149482     -2.7814358
     0.93069307    0.069143833    0.069258391     -2.7814441
     0.94059406    0.059268214    0.059366409     -2.7814518
     0.95049505    0.049391790    0.049473621     -2.7814589
     0.96039604    0.039514636    0.039580101     -2.7814656
     0.97029703    0.029636820    0.029685920     -2.7814719
     0.98019802    0.019758406    0.019791139     -2.7814777
