        1800000             40      2.0000000     -1.7455371     0.72537325  1.0777778E-06     0.38382219     0.91133370       63268883
        1800000             40      2.0200000     -1.7307411     0.76681967     0.45206674     0.46006254     0.90440421       67337393
        1800000             40      2.0400000     -1.7149900     0.80772356    -0.44843739     0.53506556     0.89675604       71802378
        1800000             40      2.0600000     -1.6983877     0.85284592     0.88848767     0.63263735     0.88848767       76507577
        1800000             40      2.0800000     -1.6805526     0.90885547    -0.87892782     0.77946162     0.87892782       81410131
        1800000             40      2.1000000     -1.6620705     0.96026362    -0.86880361     0.94000666     0.86880361       86838710
        1800000             40      2.1200000     -1.6424073      1.0214954 -0.00018343750      1.1602602     0.85724960       92438352
        1800000             40      2.1400000     -1.6206061      1.1005810     0.42118702      1.6226253     0.84291181       98506031
        1800000             40      2.1600000     -1.5980010      1.1908641 -0.00069027917      2.0719771     0.82737785      105152863
        1800000             40      2.1800000     -1.5729168      1.2969484    -0.71425061      3.5063396     0.80696822      112887777
        1800000             40      2.2000000     -1.5469656      1.3982990    -0.20703708      4.6619236     0.78568349      120259884
        1800000             40      2.2200000     -1.5156299      1.5802081   -0.029336401      7.8601456     0.75202899      129245674
        1800000             60      2.0000000     -1.7456061     0.72432263  7.3055556E-06     0.38445603     0.91133645      142814417
        1800000             60      2.0200000     -1.7306964     0.76609480     0.45208156     0.45404665     0.90441737      151774267
        1800000             60      2.0400000     -1.7148030     0.80822585     0.44843072     0.53627318     0.89671102      161677691
        1800000             60      2.0600000     -1.6984115     0.85322433     0.44426400     0.62812014     0.88854686      172061313
        1800000             60      2.0800000     -1.6808688     0.90427724  3.5367284E-06     0.76009044     0.87926961      183267159
        1800000             60      2.1000000     -1.6621526     0.96212412 -9.8893519E-05     0.94224277     0.86879529      195155371
        1800000             60      2.1200000     -1.6420250      1.0316843     0.42810032      1.2355192     0.85667465      208301656
        1800000             60      2.1400000     -1.6209663      1.0985067    -0.42172418      1.5624409     0.84336914      221987602
        1800000             60      2.1600000     -1.5982107      1.1814945    -0.41387825      2.0949182     0.82762653      236724039
        1800000             60      2.1800000     -1.5734101      1.2904927 -0.00035110586      3.1122823     0.80822254      252954904
        1800000             60      2.2000000     -1.5464238      1.4132411     0.60734928      4.7176481     0.78492800      270901132
        1800000             60      2.2200000     -1.5164118      1.5950188     0.59134518      8.0195139     0.75336926      290627744
        1800000            100      2.0000000     -1.7456096     0.72318675 -4.7175778E-05     0.38209546     0.91135828      396459314
        1800000            100      2.0200000     -1.7306541     0.76356913  4.9898889E-05     0.45091210     0.90439514      421599093
        1800000            100      2.0400000     -1.7149228     0.80809475     0.89684351     0.52872817     0.89684351      452801252
        1800000            100      2.0600000     -1.6983446     0.85532693     0.44425048     0.64021873     0.88842394      481552613
        1800000            100      2.0800000     -1.6807658     0.90356016     0.87920728     0.76488533     0.87920728      510019013
        1800000            100      2.1000000     -1.6620028     0.96334862     0.43433986     0.95400993     0.86866093      542499805
        1800000            100      2.1200000     -1.6421027      1.0240977  2.6533444E-05      1.2097227     0.85679231      578670030
        1800000            100      2.1400000     -1.6208790      1.1005487     0.42170819      1.5986562     0.84315032      615874028
        1800000            100      2.1600000     -1.5981167      1.1933316    -0.41362413      2.1833456     0.82740749      657749345
        1800000            100      2.1800000     -1.5734096      1.2879377    -0.40405156      3.0997921     0.80840349      702743254
        1800000            100      2.2000000     -1.5460983      1.4176456    -0.39278018      5.1134532     0.78395876      754515938
        1800000            100      2.2200000     -1.5162743      1.6192096    -0.75219600      10.936062     0.75219600      807231218
        1800000            140      2.0000000     -1.7454946     0.73887409 -0.00062902517      2.5958393     0.91067859      793684758
        1800000            140      2.0200000     -1.7306292     0.76639349     0.45219140     0.45345220     0.90437992      834407058
        1800000            140      2.0400000     -1.7146728     0.87751784     0.89395541      15.304300     0.89395541      880598810
        1800000            140      2.0600000     -1.6983544     0.85616138    -0.44420837     0.64205114     0.88845758      939797913
        1800000            140      2.0800000     -1.6807132     0.90486258  2.2845918E-05     0.76631834     0.87914774      999312057
        1800000            140      2.1000000     -1.6621511     0.96142160  8.9643991E-05     0.95061664     0.86881176     1074891824
        1800000            140      2.1200000     -1.6422606      1.0305038 -7.9858277E-07      1.2055252     0.85701415     1133281215
        1800000            140      2.1400000     -1.6209742      1.1001856     0.84344867      1.5405237     0.84344867     1209405801
        1800000            140      2.1600000     -1.5981349      1.1848050  0.00010021122      2.0890459     0.82757829     1290204644
        1800000            140      2.1800000     -1.5734781      1.2818649    -0.40462571      3.0765270     0.80853956     1378308669
        1800000            140      2.2000000     -1.5467252      1.4133993 -0.00021732324      4.6918691     0.78530371     1476734502
        1800000            140      2.2200000     -1.5166250      1.5835510    -0.75366548      8.6207192     0.75366548     1584308154
