        9000000             40      2.2500000     -1.4658389      1.8223541    0.020095062      14.814708     0.69006809      722856524
        9000000             40      2.2530000     -1.4603135      1.8605884   -0.036191026      15.993691     0.68167947      727970456
        9000000             40      2.2560000     -1.4553645      1.8651288   -0.087576985      16.369069     0.67579082      738770237
        9000000             40      2.2590000     -1.4495665      1.8822537   -0.012529574      16.884305     0.66791428      746121611
        9000000             40      2.2620000     -1.4433801      1.9148211    0.013360719      18.346616     0.65727497      756273868
        9000000             40      2.2650000     -1.4378728      1.9315659   -0.076960238      19.335386     0.64885803      763840990
        9000000             40      2.2680000     -1.4321014      1.9617939    0.023086213      20.308419     0.63999627      771775141
        9000000             40      2.2710000     -1.4261080      1.9668986    0.026772910      21.065356     0.63040468      779575864
        9000000             40      2.2740000     -1.4210981      1.9672735   -0.046310593      21.351986     0.62396933      788527719
        9000000             40      2.2770000     -1.4141570      1.9924941   0.0081031958      22.898948     0.61086752      799603687
        9000000             40      2.2800000     -1.4080096      2.0108749  -0.0063009318      24.489647     0.59937692      807857759
        9000000             40      2.2830000     -1.4020500      2.0043419    0.011167749      24.692688     0.58992930      817428882
        9000000             40      2.2860000     -1.3960581      2.0163447   0.0078913218      25.920696     0.57897119      825695027
        9000000             40      2.2890000     -1.3902488      2.0127138   -0.043604643      26.505849     0.56941176      835561467
        9000000             40      2.2920000     -1.3836557      2.0199397 -0.00038038028      27.563490     0.55658131      846632626
        9000000             40      2.2950000     -1.3775200      2.0123562   0.0067275654      28.190941     0.54574537      855162604
        9000000             40      2.2980000     -1.3717923      2.0030564   -0.031917293      28.516856     0.53588839      865198450
        9000000             60      2.2500000     -1.4642272      1.9305848   -0.056316132      23.257257     0.68072670     1630164727
