         900000             40      2.0000000     -1.7455515     0.72554800     0.45550146     0.38533420     0.91130852       31673315
         900000             40      2.0200000     -1.7307240     0.76587001     0.45238755     0.44637796     0.90446206       33760946
         900000             40      2.0400000     -1.7150745     0.80220149    -0.44861585     0.51928008     0.89700517       35889448
         900000             40      2.0600000     -1.6980731     0.85760815 -9.7030556E-05     0.63673525     0.88825238       38327188
         900000             40      2.0800000     -1.6805115     0.90925431  0.00010900556     0.79266024     0.87888973       40836513
         900000             40      2.1000000     -1.6618923     0.95693037 -0.00010688333     0.92365122     0.86872236       43435191
         900000             40      2.1200000     -1.6419944      1.0344143     0.42835705      1.2201152     0.85660852       46314976
         900000             40      2.1400000     -1.6203280      1.1062987     0.42056060      1.6626007     0.84280534       49442774
         900000             40      2.1600000     -1.5979068      1.1971503     0.41419753      2.2773542     0.82695700       52581630
         900000             40      2.1800000     -1.5737674      1.2742697    -0.40459487      2.8009787     0.80919976       56304259
         900000             40      2.2000000     -1.5470134      1.3730637    -0.70720697      3.7911855     0.78690832       59966545
         900000             40      2.2200000     -1.5161782      1.5872540   -0.078575647      8.1456302     0.75272860       64496010
         900000             40      2.2400000     -1.4841810      1.7349897    0.086583772      12.186217     0.71513655       69764053
         900000             40      2.2600000     -1.4462587      1.9239992    -0.16845394      18.582745     0.66004663       74543124
         900000             40      2.2800000     -1.4090150      1.9876012   -0.056810621      23.194307     0.60403673       80926044
         900000             60      2.0000000     -1.7454338     0.72542872 -9.6135802E-06     0.38178016     0.91125521       71352112
         900000             60      2.0200000     -1.7306849     0.76655050  5.2412963E-05     0.44394679     0.90446152       76040518
         900000             60      2.0400000     -1.7151793     0.80757511 -0.00010382593     0.53274749     0.89695742       80678024
         900000             60      2.0600000     -1.6982450     0.85482025    -0.44411672     0.61669334     0.88847730       86084172
         900000             60      2.0800000     -1.6806766     0.91067640 -8.3521605E-05     0.78944931     0.87905536       91690704
         900000             60      2.1000000     -1.6617861     0.96374868    -0.86854249     0.96420556     0.86854249       97863782
         900000             60      2.1200000     -1.6418837      1.0248765 -0.00031324506      1.2147718     0.85652831      104210166
         900000             60      2.1400000     -1.6208194      1.1057431    -0.42165394      1.5996467     0.84328412      110947609
         900000             60      2.1600000     -1.5981094      1.1871466  0.00016613272      2.1756783     0.82743614      118382264
         900000             60      2.1800000     -1.5736684      1.2805203     0.40378587      2.9500278     0.80899755      126738539
         900000             60      2.2000000     -1.5472561      1.3739267    -0.78709119      3.9579230     0.78709119      135428134
         900000             60      2.2200000     -1.5173300      1.5368753    -0.75648820      6.7125276     0.75648820      144856344
         900000             60      2.2400000     -1.4829754      1.7822383   -0.096445248      16.411741     0.71027438      156685069
         900000             60      2.2600000     -1.4420843      2.1576866    -0.12872491      39.099012     0.63337800      170760817
         900000             60      2.2800000     -1.3988813      2.2103872    0.031030415      53.138656     0.54458304      184649992
         900000            100      2.0000000     -1.7455980     0.72378424     0.45569730     0.38326675     0.91135231      201673662
         900000            100      2.0200000     -1.7306372     0.76519546 -8.2021778E-05     0.45010464     0.90441468      211480153
         900000            100      2.0400000     -1.7149689     0.80604613     0.44837924     0.52955708     0.89682049      227611256
         900000            100      2.0600000     -1.6983075     0.85459015  0.00012885244     0.64372863     0.88839135      242183289
         900000            100      2.0800000     -1.6808904     0.90432206  0.00011681578     0.75914193     0.87931447      254674862
         900000            100      2.1000000     -1.6619789     0.96443704     0.43436674     0.94686385     0.86869150      274771084
         900000            100      2.1200000     -1.6422130      1.0320360    -0.42854122      1.1926017     0.85699217      292399125
         900000            100      2.1400000     -1.6210323      1.1005269  0.00013433800      1.5337417     0.84350818      308296999
         900000            100      2.1600000     -1.5981015      1.1859883     0.82739471      2.1078831     0.82739471      329123744
         900000            100      2.1800000     -1.5733541      1.3019151  0.00025809178      3.3573069     0.80816452      351275106
         900000            100      2.2000000     -1.5467514      1.4096728    -0.39142604      4.7234419     0.78513770      378910093
         900000            100      2.2200000     -1.5161518      1.5762545    -0.37564299      8.9106952     0.75207239      404781451
         900000            100      2.2400000     -1.4822457      1.9092554    -0.70348972      29.961175     0.70378984      436324891
         900000            100      2.2600000     -1.4414818      2.2250041    -0.47792352      61.797126     0.62457807      470944895
         900000            100      2.2800000     -1.3924115      2.5554428  0.00042831133      150.28901     0.47154507      522369049
         900000            140      2.0000000     -1.7445322     0.97087397   -0.010474672      54.939871     0.90087610      389161701
         900000            140      2.0200000     -1.7306734     0.76673297     0.45217102     0.45025278     0.90440920      415801747
         900000            140      2.0400000     -1.7149768     0.80711788  1.0196145E-06     0.52561221     0.89688089      441677669
         900000            140      2.0600000     -1.6983268     0.84967867 -1.8229138E-05     0.62763924     0.88847769      470312575
         900000            140      2.0800000     -1.6805728     0.90921339    -0.43951776     0.77166651     0.87904411      501606893
         900000            140      2.1000000     -1.6620286     0.96378919    -0.43431356     0.96580377     0.86865352      534080098
         900000            140      2.1200000     -1.6422140      1.0224481 -0.00016200714      1.1929499     0.85689367      566502079
         900000            140      2.1400000     -1.6206073      1.1479849     0.41959644      9.6185981     0.84116393      605196251
         900000            140      2.1600000     -1.5981677      1.1785672     0.41368280      2.1051937     0.82741683      646255135
         900000            140      2.1800000     -1.5723822      1.4828072     0.39168345      67.899257     0.79663258      697865896
         900000            140      2.2000000     -1.5467105      1.4036806    -0.78527643      4.4764861     0.78527643      740670165
         900000            140      2.2200000     -1.5164260      1.5904013    -0.37551806      9.0778867     0.75285599      792569313
         900000            140      2.2400000     -1.4820654      1.8772003     0.34990592      23.974885     0.70458829      853627625
         900000            140      2.2600000     -1.4418867      2.3179525    0.016450794      93.752192     0.62204594      934642253
         900000            140      2.2800000     -1.3919878      2.5238036     0.22316818      240.17671     0.44538962     1012699635
