        1800000             40      2.2400000     -1.4842408      1.7069308   -0.021983251      10.775714     0.71716382      138789164
        1800000             40      2.2450000     -1.4750717      1.7871532   -0.046227826      13.510499     0.70281428      141889838
        1800000             40      2.2500000     -1.4656211      1.8383284    -0.16012802      14.963906     0.68935009      144659931
        1800000             40      2.2550000     -1.4574920      1.8703509   -0.097985103      15.811357     0.67929952      147040348
        1800000             40      2.2600000     -1.4477721      1.8858144    0.089318715      17.398960     0.66442719      149786382
        1800000             40      2.2650000     -1.4369691      1.9260526   -0.060460808      19.012848     0.64790429      152527417
        1800000             40      2.2700000     -1.4275222      1.9670920   -0.011391201      21.110883     0.63195116      155856128
        1800000             40      2.2750000     -1.4166475      2.0115203    0.012649936      23.635028     0.61180264      159282041
        1800000             40      2.2800000     -1.4082763      2.0053458    0.011786169      24.447701     0.60021898      161302629
        1800000             40      2.2850000     -1.3978062      2.0197947  -0.0028770493      25.885715     0.58172451      164918820
        1800000             40      2.2900000     -1.3877384      2.0073860   -0.036399846      26.944826     0.56396321      167923105
        1800000             40      2.2950000     -1.3777382      2.0102434    0.092913744      28.137704     0.54591138      171026062
        1800000             40      2.3000000     -1.3676913      1.9879568   -0.025859599      28.680540     0.52870574      174007091
        1800000             40      2.3050000     -1.3567073      1.9682211   -0.042283574      29.802850     0.50659210      178430068
        1800000             40      2.3100000     -1.3490843      1.9457835    0.032031650      29.864875     0.49636598      180233657
        1800000             40      2.3150000     -1.3390688      1.9193136   -0.040011528      30.700923     0.47618691      183504437
        1800000             40      2.3200000     -1.3313427      1.8723960  -0.0047669181      29.890109     0.46660991      185212699
        1800000             60      2.2400000     -1.4825778      1.8117710     0.37359575      16.635988     0.70923669      312905186
        1800000             60      2.2450000     -1.4730339      1.9037150    -0.15772024      21.803450     0.69265187      318841658
        1800000             60      2.2500000     -1.4641119      1.9481069     0.26170113      25.127136     0.67807296      325734649
        1800000             60      2.2550000     -1.4540788      2.0231765    0.084946238      29.370988     0.66174611      331701856
        1800000             60      2.2600000     -1.4444166      2.0260145    -0.21633704      30.314294     0.64731494      337929025
        1800000             60      2.2650000     -1.4338698      2.0953890    0.024893298      35.241609     0.62522584      345178056
        1800000             60      2.2700000     -1.4232847      2.1764493  -0.0016792988      42.876559     0.60212179      351507886
        1800000             60      2.2750000     -1.4119162      2.1695202    0.065105460      46.437054     0.57797416      358853980
        1800000             60      2.2800000     -1.4001310      2.2322911    0.056057107      53.024106     0.54953942      369805621
        1800000             60      2.2850000     -1.3895669      2.2083205    0.015479130      55.918678     0.52674916      376816050
        1800000             60      2.2900000     -1.3786640      2.2023590     0.11745025      59.800897     0.50027135      384553278
        1800000             60      2.2950000     -1.3673233      2.1532093    0.015893627      60.591067     0.47251344      391194458
        1800000             60      2.3000000     -1.3575194      2.1035956  -0.0064152747      61.388743     0.45151989      397185430
        1800000             60      2.3050000     -1.3477402      2.0486504    0.033710201      60.184561     0.43201135      404566581
        1800000             60      2.3100000     -1.3354483      1.9762773   -0.023096689      62.192385     0.39331020      413850928
        1800000             60      2.3150000     -1.3287875      1.9477648   0.0044238302      60.758593     0.38445434      417554616
        1800000             60      2.3200000     -1.3176888      1.8291502   -0.027555584      57.455277     0.35806895      425180075
        1800000            100      2.2400000     -1.4827732      1.8070911    -0.35565757      16.968593     0.71010527      872980040
        1800000            100      2.2450000     -1.4727523      1.9324829    0.053402432      30.325647     0.68947664      888957233
        1800000            100      2.2500000     -1.4630239      2.0502254    -0.40840625      42.440860     0.67090606      906605320
        1800000            100      2.2550000     -1.4535807      2.1170379    -0.25665899      50.725423     0.65415877      922766507
        1800000            100      2.2600000     -1.4425162      2.2657197    -0.28159381      70.918062     0.62769329      944706585
        1800000            100      2.2650000     -1.4315090      2.3089741    -0.10361782      77.439077     0.60383541      965515856
        1800000            100      2.2700000     -1.4178702      2.4354594   -0.081388399      109.25396     0.55715758      996607566
        1800000            100      2.2750000     -1.4047135      2.4840793    -0.23544163      133.27552     0.51275756     1011519249
        1800000            100      2.2800000     -1.3938152      2.4329411    0.078375186      135.63505     0.48615979     1034124285
        1800000            100      2.2850000     -1.3823474      2.3996658   0.0054637704      143.82949     0.44727196     1054839081
        1800000            100      2.2900000     -1.3697021      2.3038283   -0.031942764      152.27019     0.39928491     1082567099
        1800000            100      2.2950000     -1.3575995      2.1833119    -0.10199733      146.36663     0.35646167     1104933038
        1800000            100      2.3000000     -1.3479073      2.0861197    0.033838026      143.27574     0.33031636     1125686488
        1800000            100      2.3050000     -1.3372364      1.9694285  -0.0057765840      130.46658     0.29804310     1142801896
        1800000            100      2.3100000     -1.3282498      1.8619255    0.012886823      119.05542     0.27576980     1158716965
        1800000            100      2.3150000     -1.3190667      1.7640098    0.014591842      107.62681     0.24662630     1177548353
        1800000            100      2.3200000     -1.3109458      1.6976936   0.0034204253      97.876218     0.22752999     1194580322
        1800000            140      2.2400000     -1.4825517      1.8210444    -0.35468584      21.729842     0.70745038     1713224680
        1800000            140      2.2450000     -1.4732713      1.8998721 -0.00028632846      24.942593     0.69287716     1743551260
        1800000            140      2.2500000     -1.4618606      2.2065573    -0.37348428      82.522161     0.66211434     1779973938
        1800000            140      2.2550000     -1.4521372      2.1405000   0.0011902035      52.335795     0.64843513     1817246925
        1800000            140      2.2600000     -1.4401051      2.4102672     0.30444963      129.75800     0.60698510     1863955252
        1800000            140      2.2650000     -1.4304133      2.4245702     0.23699981      126.94487     0.58984414     1900187182
        1800000            140      2.2700000     -1.4147036      2.6066572    0.012369226      215.60626     0.52057115     1948552295
        1800000            140      2.2750000     -1.4045416      2.5860198     0.10005070      213.30030     0.49852032     1991211797
        1800000            140      2.2800000     -1.3903876      2.6184734     0.21088649      265.75264     0.43135630     2039299882
        1800000            140      2.2850000     -1.3769274      2.4893054    -0.10367636      285.10967     0.36561140     2096866955
        1800000            140      2.2900000     -1.3659477      2.3086965  -0.0063238695      269.62465     0.32115728     2124876781
        1800000            140      2.2950000     -1.3549803      2.1317311    0.040845483      238.51110     0.28745501    -2116038391
        1800000            140      2.3000000     -1.3449615      1.9869159    0.021216616      204.83575     0.25256240    -2081754558
        1800000            140      2.3050000     -1.3352646      1.8547385   -0.035939540      175.54589     0.22251846    -2044838856
        1800000            140      2.3100000     -1.3260750      1.7703133  -0.0072119708      148.83622     0.19895273    -2008501627
        1800000            140      2.3150000     -1.3178223      1.6894982   0.0035472355      132.00101     0.17940164    -1979310290
        1800000            140      2.3200000     -1.3094469      1.5934405  -0.0063607156      110.89886     0.16087481    -1947161124
